[shedding]
name = shedding
group = Other
unitcount = 1
nominalcapacity = 3000.000000
marginal-cost = 5.000000
market-bid-cost = 5.000000
co2 = 0.000000
nh3 = 0.000000
nmvoc = 0.000000
nox = 0.000000
op1 = 0.000000
op2 = 0.000000
op3 = 0.000000
op4 = 0.000000
op5 = 0.000000
pm10 = 0.000000
pm2_5 = 0.000000
pm5 = 0.000000
so2 = 0.000000

