[base]
name = base
group = other fuel
unitcount = 4
nominalcapacity = 500.000000
spinning = 5.000000
co2 = 1.100000
marginal-cost = 40.000000
market-bid-cost = 40.000000

[peak]
name = peak
group = Oil
unitcount = 5
nominalcapacity = 300.000000
spinning = 5.000000
co2 = 0.700000
marginal-cost = 80.000000
market-bid-cost = 80.000000

[semi]
name = semi
group = Gas
unitcount = 10
nominalcapacity = 600.000000
co2 = 0.500000
marginal-cost = 60.000000
market-bid-cost = 60.000000

