[base]
name = base
group = other fuel
unitcount = 4
nominalcapacity = 500.000000
spinning = 5.000000
marginal-cost = 40.000000
market-bid-cost = 40.000000
co2 = 1.100000
nh3 = 0.000000
nmvoc = 0.000000
nox = 0.000000
op1 = 0.000000
op2 = 0.000000
op3 = 0.000000
op4 = 0.000000
op5 = 0.000000
pm10 = 0.000000
pm2_5 = 0.000000
pm5 = 0.000000
so2 = 0.000000

[peak]
name = peak
group = Oil
unitcount = 5
nominalcapacity = 300.000000
spinning = 5.000000
marginal-cost = 80.000000
market-bid-cost = 80.000000
co2 = 0.700000
nh3 = 0.000000
nmvoc = 0.000000
nox = 0.000000
op1 = 0.000000
op2 = 0.000000
op3 = 0.000000
op4 = 0.000000
op5 = 0.000000
pm10 = 0.000000
pm2_5 = 0.000000
pm5 = 0.000000
so2 = 0.000000

[semi]
name = semi
group = Gas
unitcount = 10
nominalcapacity = 600.000000
marginal-cost = 60.000000
market-bid-cost = 60.000000
co2 = 0.500000
nh3 = 0.000000
nmvoc = 0.000000
nox = 0.000000
op1 = 0.000000
op2 = 0.000000
op3 = 0.000000
op4 = 0.000000
op5 = 0.000000
pm10 = 0.000000
pm2_5 = 0.000000
pm5 = 0.000000
so2 = 0.000000

