[default]
name = default
unitcount = 1
nominalcapacity = 120.000000
marginal-cost = 100.000000
market-bid-cost = 100.000000

