[b]
name = b
group = Hard coal
unitcount = 35
nominalcapacity = 1000.000000
spinning = 2.400000
co2 = 1.100000
marginal-cost = 40.000000
market-bid-cost = 40.000000

[p]
name = p
group = Oil
unitcount = 50
nominalcapacity = 200.000000
co2 = 1.000000
marginal-cost = 90.000000
market-bid-cost = 90.000000

[sb]
name = sb
group = Gas
unitcount = 25
nominalcapacity = 500.000000
co2 = 0.900000
marginal-cost = 60.000000
market-bid-cost = 60.000000

