[general]
mode = annual

[annual]
left%east = 0.001200
north%east = 0.001300
north%left = 0.002300
right%east = 0.001400
right%left = 0.002400
right%north = 0.003400
west%east = 0.001500
west%left = 0.002500
west%north = 0.003500
west%right = 0.004500

[0]

[1]

[2]

[3]

[4]

[5]
left%east = 0.001200
north%east = 0.001300
north%left = 0.002300
right%east = 0.001400
right%left = 0.002400
right%north = 0.003400
west%east = 0.001500
west%left = 0.002500
west%north = 0.003500
west%right = 0.004500

[6]

[7]
left%east = 0.001200
north%east = 0.001300
north%left = 0.002300
right%east = 0.001400
right%left = 0.002400
right%north = 0.003400
west%east = 0.001500
west%left = 0.002500
west%north = 0.003500
west%right = 0.004500

[8]

[9]

[10]

[11]

