[unserverdenergycost]
be = 3000.000000
de = 3000.000000
nl = 3000.000000

