[unserverdenergycost]
1 = 20000.000000
10 = 20000.000000
11 = 20000.000000
12 = 20000.000000
13 = 20000.000000
2 = 20000.000000
3 = 20000.000000
4 = 20000.000000
5 = 20000.000000
6 = 20000.000000
7 = 20000.000000
8 = 20000.000000
9 = 20000.000000
a = 20000.000000
b = 20000.000000
c = 20000.000000
d = 20000.000000
e = 20000.000000
f = 20000.000000
g = 20000.000000
h = 20000.000000
i = 20000.000000
j = 20000.000000
k = 20000.000000
l = 20000.000000
m = 20000.000000
z1 = 20000.000000
z10 = 20000.000000
z11 = 20000.000000
z2 = 20000.000000
z3 = 20000.000000
z4 = 20000.000000
z5 = 20000.000000
z6 = 20000.000000
z7 = 20000.000000
z8 = 20000.000000
z9 = 20000.000000

[spilledenergycost]
