EXP : 1.79091e+09
STD : 0
MIN : 1.79091e+09
MAX : 1.79091e+09
