[unserverdenergycost]
area = 20000.000000
area-2 = 20000.000000
c = 20000.000000

[spilledenergycost]
