[default]
name = default
unitcount = 1
nominalcapacity = 2500.000000
marginal-cost = 10.000000
market-bid-cost = 10.000000

