[aggregate 1]
name = aggregate 1
unitcount = 8
nominalcapacity = 100.000000
min-stable-power = 20.000000
marginal-cost = 32.000000
spread-cost = 0.500000
market-bid-cost = 32.000000

[aggregate 2]
name = aggregate 2
unitcount = 8
nominalcapacity = 100.000000
min-stable-power = 20.000000
marginal-cost = 42.000000
spread-cost = 0.500000
market-bid-cost = 42.000000

[aggregate 3]
name = aggregate 3
unitcount = 8
nominalcapacity = 100.000000
marginal-cost = 60.000000
spread-cost = 0.500000
market-bid-cost = 60.000000

