[aggregate 1]
name = aggregate 1
unitcount = 8
nominalcapacity = 100.000000
min-stable-power = 20.000000
marginal-cost = 32.000000
spread-cost = 0.500000
market-bid-cost = 32.000000
co2 = 0.000000
nh3 = 0.000000
nmvoc = 0.000000
nox = 0.000000
op1 = 0.000000
op2 = 0.000000
op3 = 0.000000
op4 = 0.000000
op5 = 0.000000
pm10 = 0.000000
pm2_5 = 0.000000
pm5 = 0.000000
so2 = 0.000000

[aggregate 2]
name = aggregate 2
unitcount = 8
nominalcapacity = 100.000000
min-stable-power = 20.000000
marginal-cost = 42.000000
spread-cost = 0.500000
market-bid-cost = 42.000000
co2 = 0.000000
nh3 = 0.000000
nmvoc = 0.000000
nox = 0.000000
op1 = 0.000000
op2 = 0.000000
op3 = 0.000000
op4 = 0.000000
op5 = 0.000000
pm10 = 0.000000
pm2_5 = 0.000000
pm5 = 0.000000
so2 = 0.000000

[aggregate 3]
name = aggregate 3
unitcount = 8
nominalcapacity = 100.000000
marginal-cost = 60.000000
spread-cost = 0.500000
market-bid-cost = 60.000000
co2 = 0.000000
nh3 = 0.000000
nmvoc = 0.000000
nox = 0.000000
op1 = 0.000000
op2 = 0.000000
op3 = 0.000000
op4 = 0.000000
op5 = 0.000000
pm10 = 0.000000
pm2_5 = 0.000000
pm5 = 0.000000
so2 = 0.000000

