[sb-high price]
name = sb-high price
unitcount = 12
nominalcapacity = 500.000000
min-up-time = 3
min-down-time = 3
marginal-cost = 70.000000
spread-cost = 0.500000
market-bid-cost = 70.000000
co2 = 0.000000
nh3 = 0.000000
nmvoc = 0.000000
nox = 0.000000
op1 = 0.000000
op2 = 0.000000
op3 = 0.000000
op4 = 0.000000
op5 = 0.000000
pm10 = 0.000000
pm2_5 = 0.000000
pm5 = 0.000000
so2 = 0.000000

