[gas_ccgt new]
name = gas_ccgt new
group = GAS
unitcount = 6
nominalcapacity = 100.000000
min-stable-power = 35.000000
min-up-time = 2
min-down-time = 2
marginal-cost = 44.416000
startup-cost = 7748.556000
market-bid-cost = 44.416000
co2 = 0.353800
nh3 = 0.000000
nmvoc = 0.000000
nox = 0.000000
op1 = 0.000000
op2 = 0.000000
op3 = 0.000000
op4 = 0.000000
op5 = 0.000000
pm10 = 0.000000
pm2_5 = 0.000000
pm5 = 0.000000
so2 = 0.000000

[gas_ccgt old 2]
name = gas_ccgt old 2
group = GAS
unitcount = 1
nominalcapacity = 100.000000
min-stable-power = 35.000000
min-up-time = 3
min-down-time = 3
marginal-cost = 53.336000
startup-cost = 9549.556000
market-bid-cost = 53.336000
co2 = 0.427500
nh3 = 0.000000
nmvoc = 0.000000
nox = 0.000000
op1 = 0.000000
op2 = 0.000000
op3 = 0.000000
op4 = 0.000000
op5 = 0.000000
pm10 = 0.000000
pm2_5 = 0.000000
pm5 = 0.000000
so2 = 0.000000

