[unserverdenergycost]
ne = 20000.000000
nw = 20000.000000
se = 20000.000000
sw = 20000.000000

[spilledenergycost]
