[unserverdenergycost]
area = 1000.000000
area1 = 1000.000000

[spilledenergycost]
area = 20000.000000
area1 = 20000.000000    
