[unserverdenergycost]
a = 20000.000000
a-2 = 20000.000000
aa = 20000.000000
aa-2 = 20000.000000
b = 20000.000000
b-2 = 20000.000000
bb = 20000.000000
bb-2 = 20000.000000
c = 20000.000000
c-2 = 20000.000000
cc = 20000.000000
cc-2 = 20000.000000
d = 20000.000000
d-2 = 20000.000000
dd = 20000.000000
dd-2 = 20000.000000
e = 20000.000000
e-2 = 20000.000000
ee = 20000.000000
ee-2 = 20000.000000
f = 20000.000000
f-2 = 20000.000000
ff = 20000.000000
ff-2 = 20000.000000
g = 20000.000000
g-2 = 20000.000000
gg = 20000.000000
gg-2 = 20000.000000
h = 20000.000000
h-2 = 20000.000000
hh = 20000.000000
hh-2 = 20000.000000
i = 20000.000000
i-2 = 20000.000000
ii = 20000.000000
ii-2 = 20000.000000
j = 20000.000000
j-2 = 20000.000000
jj = 20000.000000
jj-2 = 20000.000000
k = 20000.000000
k-2 = 20000.000000
kk = 20000.000000
kk-2 = 20000.000000
l = 20000.000000
l-2 = 20000.000000
ll = 20000.000000
ll-2 = 20000.000000
m = 20000.000000
m-2 = 20000.000000
mm = 20000.000000
mm-2 = 20000.000000
n = 20000.000000
n-2 = 20000.000000
nn = 20000.000000
nn-2 = 20000.000000
o = 20000.000000
o-2 = 20000.000000
oo = 20000.000000
oo-2 = 20000.000000
p = 20000.000000
p-2 = 20000.000000
pp = 20000.000000
pp-2 = 20000.000000
q = 20000.000000
q-2 = 20000.000000
qq = 20000.000000
qq-2 = 20000.000000
r = 20000.000000
r-2 = 20000.000000
rr = 20000.000000
rr-2 = 20000.000000
s = 20000.000000
s-2 = 20000.000000
ss = 20000.000000
ss-2 = 20000.000000
t = 20000.000000
t-2 = 20000.000000
tt = 20000.000000
tt-2 = 20000.000000
u = 20000.000000
u-2 = 20000.000000
uu = 20000.000000
uu-2 = 20000.000000
v = 20000.000000
v-2 = 20000.000000
vv = 20000.000000
vv-2 = 20000.000000
w = 20000.000000
w-2 = 20000.000000
ww = 20000.000000
ww-2 = 20000.000000
x = 20000.000000
x-2 = 20000.000000
xx = 20000.000000
xx-2 = 20000.000000
y = 20000.000000
y-2 = 20000.000000
yy = 20000.000000
yy-2 = 20000.000000
z = 20000.000000
z-2 = 20000.000000
zz = 20000.000000
zz-2 = 20000.000000

[spilledenergycost]
