[thermal_1]
name = thermal_1
group = Gas
unitcount = 2
nominalcapacity = 50.000000
market-bid-cost = 20.000000
marginal-cost = 20.000000
gen-ts = force generation
ramping-enabled = true
max-upward-power-ramping-rate = 2.000000
max-downward-power-ramping-rate = 3.000000
co2 = 0.000000
nh3 = 0.000000
nmvoc = 0.000000
nox = 0.000000
op1 = 0.000000
op2 = 0.000000
op3 = 0.000000
op4 = 0.000000
op5 = 0.000000
pm10 = 0.000000
pm2_5 = 0.000000
pm5 = 0.000000
so2 = 0.000000
