EXP : 5.87017e+08
STD : 0
MIN : 5.87017e+08
MAX : 5.87017e+08
