[unserverdenergycost]
east = 20000.000000
left = 21000.000000
north = 22000.000000
right = 23000.000000
west = 24000.000000

[spilledenergycost]
