[base]
name = base
group = Lignite
unitcount = 4
nominalcapacity = 900.000000
co2 = 1.200000
marginal-cost = 35.000000
market-bid-cost = 35.000000

[peak]
name = peak
group = Oil
unitcount = 8
nominalcapacity = 100.000000
co2 = 0.700000
marginal-cost = 80.000000
market-bid-cost = 80.000000

[semi base]
name = semi base
group = Gas
unitcount = 5
nominalcapacity = 300.000000
co2 = 0.600000
marginal-cost = 50.000000
market-bid-cost = 50.000000

