[antares]
version = 860
caption = 028b Electrolyzer
created = 1740151770.300219
lastsave = 1740151770.300219
author = test

