[new cluster]
name = new cluster
unitcount = 1
nominalcapacity = 1000.000000
marginal-cost = 35.000000
market-bid-cost = 35.000000
co2 = 0.000000
nh3 = 0.000000
nmvoc = 0.000000
nox = 0.000000
op1 = 0.000000
op2 = 0.000000
op3 = 0.000000
op4 = 0.000000
op5 = 0.000000
pm10 = 0.000000
pm2_5 = 0.000000
pm5 = 0.000000
so2 = 0.000000

