[unserverdenergycost]
area-1 = 20000.000000
area-2 = 20000.000000
area-3 = 20000.000000

[spilledenergycost]
