[gas_ccgt new]
name = gas_ccgt new
group = GAS
unitcount = 6
nominalcapacity = 97.000000
min-stable-power = 34.000000
min-up-time = 2
min-down-time = 2
marginal-cost = 44.416000
startup-cost = 7490.271000
market-bid-cost = 44.416000
co2 = 0.353800
nh3 = 0.000000
nmvoc = 0.000000
nox = 0.000000
op1 = 0.000000
op2 = 0.000000
op3 = 0.000000
op4 = 0.000000
op5 = 0.000000
pm10 = 0.000000
pm2_5 = 0.000000
pm5 = 0.000000
so2 = 0.000000

[lignite_new]
name = lignite_new
group = LIGNITE
unitcount = 5
nominalcapacity = 444.000000
min-stable-power = 356.000000
min-up-time = 8
min-down-time = 8
marginal-cost = 38.230000
startup-cost = 54496.505000
market-bid-cost = 38.230000
co2 = 0.790400
nh3 = 0.000000
nmvoc = 0.000000
nox = 0.000000
op1 = 0.000000
op2 = 0.000000
op3 = 0.000000
op4 = 0.000000
op5 = 0.000000
pm10 = 0.000000
pm2_5 = 0.000000
pm5 = 0.000000
so2 = 0.000000

[lignite_old 2]
name = lignite_old 2
group = LIGNITE
unitcount = 6
nominalcapacity = 257.000000
min-stable-power = 180.000000
min-up-time = 9
min-down-time = 9
marginal-cost = 43.470000
startup-cost = 33528.066000
market-bid-cost = 43.470000
co2 = 0.909000
nh3 = 0.000000
nmvoc = 0.000000
nox = 0.000000
op1 = 0.000000
op2 = 0.000000
op3 = 0.000000
op4 = 0.000000
op5 = 0.000000
pm10 = 0.000000
pm2_5 = 0.000000
pm5 = 0.000000
so2 = 0.000000

