[BASE]
name = BASE
group = Other
unitcount = 2
nominalcapacity = 900.000000
min-stable-power = 200.000000
min-up-time = 168
min-down-time = 168
spinning = 2.500000
marginal-cost = 30.000000
spread-cost = 0.500000
market-bid-cost = 30.000000

[COAL]
name = COAL
group = Hard coal
unitcount = 8
nominalcapacity = 600.000000
min-stable-power = 150.000000
min-up-time = 168
min-down-time = 168
spinning = 2.500000
co2 = 1.000000
marginal-cost = 45.000000
spread-cost = 0.500000
market-bid-cost = 45.000000

[OIL]
name = OIL
group = Oil
unitcount = 5
nominalcapacity = 200.000000
co2 = 0.700000
marginal-cost = 80.000000
spread-cost = 0.500000
market-bid-cost = 80.000000

