[thermal-1]
name = thermal-1
unitcount = 1
nominalcapacity = 100.000000
min-stable-power = 80.000000
marginal-cost = 5.000000
market-bid-cost = 5.000000

