[G]
name = G
group = Other
unitcount = 70
nominalcapacity = 1000.000000
min-stable-power = 400.000000
spinning = 2.400000
co2 = 1.100000
marginal-cost = 30.000000
spread-cost = 0.500000
fixed-cost = 600.000000
startup-cost = 36000.000000
market-bid-cost = 30.000000

