[unserverdenergycost]
east = 20000.000000
north = 20000.000000
south = 20000.000000
west = 20000.000000

[spilledenergycost]
