[F]
name = F
group = Other
unitcount = 60
nominalcapacity = 1000.000000
min-stable-power = 400.000000
spinning = 2.400000
marginal-cost = 30.000000
spread-cost = 0.500000
fixed-cost = 600.000000
startup-cost = 36000.000000
market-bid-cost = 30.000000
co2 = 1.100000
nh3 = 0.000000
nmvoc = 0.000000
nox = 0.000000
op1 = 0.000000
op2 = 0.000000
op3 = 0.000000
op4 = 0.000000
op5 = 0.000000
pm10 = 0.000000
pm2_5 = 0.000000
pm5 = 0.000000
so2 = 0.000000

