[b]
name = b
group = Hard coal
unitcount = 35
nominalcapacity = 1000.000000
spinning = 2.400000
marginal-cost = 30.000000
market-bid-cost = 30.000000
co2 = 1.000000
nh3 = 0.000000
nmvoc = 0.000000
nox = 0.000000
op1 = 0.000000
op2 = 0.000000
op3 = 0.000000
op4 = 0.000000
op5 = 0.000000
pm10 = 0.000000
pm2_5 = 0.000000
pm5 = 0.000000
so2 = 0.000000

[p]
name = p
group = Oil
unitcount = 50
nominalcapacity = 200.000000
marginal-cost = 80.000000
market-bid-cost = 80.000000
co2 = 0.700000
nh3 = 0.000000
nmvoc = 0.000000
nox = 0.000000
op1 = 0.000000
op2 = 0.000000
op3 = 0.000000
op4 = 0.000000
op5 = 0.000000
pm10 = 0.000000
pm2_5 = 0.000000
pm5 = 0.000000
so2 = 0.000000

[sb]
name = sb
group = Gas
unitcount = 25
nominalcapacity = 500.000000
marginal-cost = 50.000000
market-bid-cost = 50.000000
co2 = 0.500000
nh3 = 0.000000
nmvoc = 0.000000
nox = 0.000000
op1 = 0.000000
op2 = 0.000000
op3 = 0.000000
op4 = 0.000000
op5 = 0.000000
pm10 = 0.000000
pm2_5 = 0.000000
pm5 = 0.000000
so2 = 0.000000

