[thermal_all_cheap]
name = thermal_all_cheap
group = Gas
unitcount = 1;
nominalcapacity = 50.000000
market-bid-cost = 20.000000
marginal-cost = 20.000000
gen-ts = force generation
ramping-enabled = true
max-upward-power-ramping-rate = 10.000000
max-downward-power-ramping-rate = 10.000000
power-increase-cost = 1.000000
power-decrease-cost = 1.000000
co2 = 0.000000
nh3 = 0.000000
nmvoc = 0.000000
nox = 0.000000
op1 = 0.000000
op2 = 0.000000
op3 = 0.000000
op4 = 0.000000
op5 = 0.000000
pm10 = 0.000000
pm2_5 = 0.000000
pm5 = 0.000000
so2 = 0.000000

[thermal_decrease_expensive]
name = thermal_decrease_expensive
group = Gas
unitcount = 1
nominalcapacity = 50.000000
market-bid-cost = 21.000000
marginal-cost = 21.000000
gen-ts = force generation
ramping-enabled = true
max-upward-power-ramping-rate = 10.000000
max-downward-power-ramping-rate = 10.000000
power-increase-cost = 1.000000
power-decrease-cost = 1000.000000
co2 = 0.000000
nh3 = 0.000000
nmvoc = 0.000000
nox = 0.000000
op1 = 0.000000
op2 = 0.000000
op3 = 0.000000
op4 = 0.000000
op5 = 0.000000
pm10 = 0.000000
pm2_5 = 0.000000
pm5 = 0.000000
so2 = 0.000000

[thermal_increase_expensive]
name = thermal_increase_expensive
group = Gas
unitcount = 1
nominalcapacity = 50.000000
market-bid-cost = 22.000000
marginal-cost = 22.000000
gen-ts = force generation
ramping-enabled = true
max-upward-power-ramping-rate = 10.000000
max-downward-power-ramping-rate = 10.000000
power-increase-cost = 1000.000000
power-decrease-cost = 1.000000
co2 = 0.000000
nh3 = 0.000000
nmvoc = 0.000000
nox = 0.000000
op1 = 0.000000
op2 = 0.000000
op3 = 0.000000
op4 = 0.000000
op5 = 0.000000
pm10 = 0.000000
pm2_5 = 0.000000
pm5 = 0.000000
so2 = 0.000000

[thermal_all_expensive]
name = thermal_all_expensive
group = Gas
unitcount = 1
nominalcapacity = 50.000000
market-bid-cost = 23.000000
marginal-cost = 23.000000
gen-ts = force generation
ramping-enabled = true
max-upward-power-ramping-rate = 10.000000
max-downward-power-ramping-rate = 10.000000
power-increase-cost = 1000.000000
power-decrease-cost = 1000.000000
co2 = 0.000000
nh3 = 0.000000
nmvoc = 0.000000
nox = 0.000000
op1 = 0.000000
op2 = 0.000000
op3 = 0.000000
op4 = 0.000000
op5 = 0.000000
pm10 = 0.000000
pm2_5 = 0.000000
pm5 = 0.000000
so2 = 0.000000