[unserverdenergycost]
al = 20000.000000
bg = 20000.000000
gr = 20000.000000
mk = 20000.000000
rs = 20000.000000

[spilledenergycost]
