[ther 1]
name = ther 1
unitcount = 6
nominalcapacity = 200.000000
marginal-cost = 28.000000
spread-cost = 0.500000
market-bid-cost = 28.000000
co2 = 0.000000
nh3 = 0.000000
nmvoc = 0.000000
nox = 0.000000
op1 = 0.000000
op2 = 0.000000
op3 = 0.000000
op4 = 0.000000
op5 = 0.000000
pm10 = 0.000000
pm2_5 = 0.000000
pm5 = 0.000000
so2 = 0.000000

