[ther 1]
name = ther 1
unitcount = 6
nominalcapacity = 200.000000
marginal-cost = 28.000000
spread-cost = 0.500000
market-bid-cost = 28.000000

