[cluster]
name = cluster
unitcount = 2
nominalcapacity = 100.000000
gen-ts = force generation
volatility.forced = 0.200000
volatility.planned = 0.500000
law.forced = geometric
co2 = 0.000000
nh3 = 0.000000
nmvoc = 0.000000
nox = 0.000000
op1 = 0.000000
op2 = 0.000000
op3 = 0.000000
op4 = 0.000000
op5 = 0.000000
pm10 = 0.000000
pm2_5 = 0.000000
pm5 = 0.000000
so2 = 0.000000

