[unserverdenergycost]
areain-1 = 1000.000000
areain-2 = 800.000000
areaout-1 = 1100.000000
areaout-2 = 1000.000000

[spilledenergycost]
