[unserverdenergycost]
ehv-east = 20000.000000
ehv-west = 20000.000000
hv-east = 20000.000000
hv-west = 20000.000000
remote-ehv-1 = 20000.000000
remote-ehv-2 = 20000.000000
switch = 20000.000000

[spilledenergycost]
